30.01986836645855
30.14504141838589
30.184732516044733
30.22757808032397
30.227618886145912
30.21363113560621
30.163540654935854
30.152926144656558
30.081929375845103
30.025198420836027
29.995771261263098
30.009938289841912
30.042231858990853
30.068229197229535
30.15181168779112
30.176710811069867
30.263098600008323
30.246095885888405
30.19999211131805
30.092291981739432
30.054287186219167
29.9479492649216
29.980098146996806
29.904334580026863
29.967348232581603
30.027224547355566
30.005034446975046
30.074943080583772
30.034294587792676
30.142749843633695
30.19732753001651
30.12361659798783
30.15717949071168
30.086851011976883
30.033051849709324
30.028315557679978
30.07281430843964
30.01841758620685
30.04714303146671
30.059679165799075
30.074113500084685
30.05825318973566
30.030032892941787
30.099560066496146
30.13842203635164
30.184421812150706
30.15866767881345
30.174655026942347
30.141208728461795
30.07938397172661
30.029633784621467
29.989760528505236
29.974205800507196
29.946137398873226
29.882536310049762
29.864725858579376
29.850670208411884
29.77592917197218
29.854689399363135
29.780441031830822
29.8818558680896
29.855287330744577
29.929515897898465
29.96282435091354
29.957811955665516
29.960296950553612
29.911668452106618
29.968126366096083
30.04165861686865
30.141884125919493
30.181197162534115
30.27125314779741
30.184675291188377
30.195144526341238
30.168606963645637
30.151190914454432
30.122243991600826
30.121992398623362
30.10802284899557
30.063918889995858
30.06829613354162
30.05774139289773
30.004933663624062
30.105973555875735
30.14493658881672
30.106827949012494
30.127901850638004
30.146333209937133
30.131715770527506
30.233098288979715
30.256908931408763
30.202903343509853
30.16257213442426
30.15180299251731
30.167195306042224
30.13457606619197
30.151033571082845
30.07958187111005
30.067465640524805
30.119467695104394
30.11293751845509
30.126019075146054
30.150614638073993
30.12560756748949
30.12834237400622
30.114730329773327
30.151572005777325
30.166935884038246
30.13175027963896
30.169965124069353
30.092557278278882
30.19115753213896
30.1965879250168
30.197652405957832
30.185742788669934
30.102655785100495
30.199807709583187
30.221866153986337
30.19956151166357
30.15881964087784
30.12243787392355
30.1701637055454
30.17754020335844
30.17699380018881
30.0702528879527
30.136838590129845
30.17204071381104
30.185253154081735
30.092120879292413
30.20273458376509
30.16481455604346
30.27029953009132
30.24742870373307
30.3031846637059
30.32122040522074
30.282920211760946
30.27581229782794
30.230383504705394
30.229379536155562
30.229051192244285
30.24185446536826
30.26620746843494
30.28358868730347
30.248826047930926
30.292723309698285
30.34940622484617
30.345348549309225
30.322780309926753
30.331561156094295
30.27851934336065
30.29314139997541
30.334112930168963
30.374232687561122
30.3503384792107
30.379876420011843
30.27078745285489
30.321853880710034
30.34455184476161
30.356289575064295
30.41633025054402
30.416516722549098
30.470674256471213
30.48492606442768
30.503762685391553
30.450412393167106
30.3467565453139
30.43599834835585
30.421594579753098
30.324181256544
30.299316683787822
30.284186293297193
30.294456411757704
30.256992062522603
30.292804001439492
30.317537033399123
30.262006872616375
30.265030095177302
30.257877385397485
30.267012574291247
30.32946583391096
30.320279060804324
30.399574054902267
30.335084995401587
30.389723153907365
30.434827345170152
30.43159839151963
30.441630002100396
30.371123921630357
30.44325678654464
30.383579575387344
30.36139522180647
30.387686850846517
30.347410733473325
30.344189535327153
30.288107406945205
30.20304263283923
30.11825560543712
30.090887019519442
30.121296659061905
30.034888419802993
30.03625347000418
30.021581229826463
30.012234757666178
30.073354491843887
30.039060489011863
30.103129147625683
30.195889260664167
30.151350418228137
30.108512496264844
30.10938220531753
30.1631145728268
30.13159568917129
30.183022872197096
30.187151081047617
30.180971364987943
30.23586312921262
30.213103527405206
30.141549698830705
30.22796466058142
30.176341231742192
30.144714613881458
30.11754430054061
30.21519937718217
30.2239715590327
30.27865237164263
30.36345799228873
30.353572016367945
30.37974220342068
30.39233798228498
30.402360665322472
30.448718113481053
30.35311885678749
30.390028170789076
30.396282097067555
30.278929532483964
30.215140000025393
30.23949122858073
30.216926072675
30.175932497853097
30.210459954765664
30.16909066263634
30.20579183758694
30.22290873376363
30.223948356165163
30.236152716916582
30.24195160559034
30.21034731044458
30.233553732215928
30.218229542418033
30.28508493525823
30.246126287788226
30.243353316895725
30.305842776301937
30.239622566567075
30.217518916817376
30.228720725314403
30.24988023757322
30.215454207529856
30.189137874365805
30.148476247640108
30.2068466145645
30.186680741330424
30.188471313684964
30.079443873249865
30.073354542133757
30.03854986480296
29.96609493552192
29.97676075860275
29.992213395316508
30.0627229721364
30.00860539488281
30.05440143630735
30.098787569628563
29.964683065724696
29.973402286366824
29.97557440507899
30.025917802048863
29.967624431427648
29.960266199399097
30.049818631423577
30.047207403601423
30.13440506564699
30.151875259952813
30.165097400262674
30.169377934504116
30.28764146660503
30.318340045948293
30.296182373145168
30.276092878818524
30.241004025562876
30.24169395894611
30.30444952660289
30.295894762466457
30.32320851855855
30.39446212540938
30.40460366139172
30.406726947367183
30.422562687220214
30.529648690348044
30.55649122211812
30.506106484501657
30.56908474204572
30.538891435941572
30.54589324992235
30.50904437862713
30.439785517800512
30.538856665038335
30.426523493476836
30.40403010676875
30.37821747734628
30.33438976818385
30.32269732379563
30.23105325335431
30.254073679215367
30.297358118116165
30.32260028505113
30.254848084475217
30.290011073841217
30.197760098104613
30.177928269575972
30.16339942789002
30.128628679353987
30.21879170617674
30.19110754063405
30.155563141185553
30.16581755880478
30.176883717866406
30.20714144063285
30.176409042678106
30.13079131127774
30.095542369785463
30.16515703698086
30.07290935905707
30.0031321553678
30.04494124722028
29.952612619356444
29.90977104104448
29.901008045821342
29.847287779871998
29.87173527076569
29.855564578825433
29.788522668806717
29.77486739729266
29.893047951043407
29.869810622923275
29.894132895144796
29.87745546060777
29.90788791230017
29.873914536303108
29.904174541893845
29.8373828196325
29.82970377812301
29.786782718446453
29.787864237659285
29.839251233598507
29.858935597548356
29.856190724141833
29.889069856401736
29.91134987311443
29.911582349601307
29.864336578063913
29.829324110907617
29.788329201041943
29.799231018093163
29.744952128825574
29.656032136316007
29.65246013709865
29.730373664594957
29.76907742712088
29.74330377752236
29.766510797004667
29.758144130403956
29.787580899788814
29.823191238269125
29.86397187249925
29.822230723076416
29.713017603744593
29.615501422109702
29.54790084006114
29.509225835457258
29.604391390398323
29.560101319776958
29.566477447375295
29.562876622759724
29.583031609719455
29.486986027903104
29.37401566024563
29.387108929933095
29.38515864534309
29.364692593203735
29.342314366590276
29.38376992911154
29.350654296484702
29.396051763079523
29.444281789283345
29.41960010755952
29.458726803849036
29.494734809221313
29.4569189880864
29.408262121197637
29.423744418989298
29.385208662308003
29.48735165136319
29.56543096681857
29.58047938516718
29.644696463785923
29.667823383225844
29.71383500784202
29.64306339618291
29.610512661254823
29.59764228341281
29.606232317328217
29.591194432023993
29.575078721710433
29.590505726434735
29.66388728869166
29.68531054633773
29.739376190359955
29.78402902597463
29.822733616702127
29.825119662862516
29.803450143705785
29.823986749547707
29.843940099247426
29.880466932813427
29.934395488279446
29.959328526277385
29.875791844828125
29.911731424909803
29.94194741863422
29.98676301617325
29.998118787512915
29.914971324823938
29.840481735729764
29.723579389036193
29.7614860084803
29.786155699198417
29.778058215883167
29.752480360167507
29.76611113551807
29.74279428198912
29.72463684867868
29.716738133771095
29.77621881263368
29.691949982017203
29.693226712173033
29.634385135656363
29.626363138178707
29.52464261178254
29.514191898824354
29.537950961442395
29.55279796546203
29.556336053917004
29.5703243246398
29.480099154222597
29.38424100404275
29.324401239122622
29.37667468678392
29.39456045591115
29.47612531016975
29.48752983208417
29.31388900248738
29.265031903732954
29.256706556911723
29.22968829904271
29.28608616645627
29.242828755726713
29.17112299269839
29.20530876786781
29.202950220383105
29.27829619396485
29.264507091023592
29.24661301384633
29.185150216216176
29.196394964146315
29.2643907189507
29.264041692954834
29.207511733945974
29.171711936474935
29.10056717783736
28.989914922202132
28.93920185172675
28.96130300847363
28.919453826810376
28.879784347911002
28.905281619976083
28.87333761732391
28.848317383896642
28.8195526426149
28.769710361327913
28.742403075078904
28.781968483765404
28.72710287842436
28.668525584396892
28.68658265947632
28.708898548034988
28.747030518860623
28.741251926494954
28.752303710776765
28.81113407945797
28.876841118980302
28.866206359912116
28.86678066009888
28.891993650718767
28.86429688179359
28.864171448158203
28.842815225291602
28.818734631177566
28.9277134049766
28.915529056395393
28.829465882617573
28.844062903863367
28.84583712405247
28.822882698464504
28.78513789266733
28.814858799231487
28.85207888166081
28.77860748001479
28.78022879057197
28.7915247195221
28.84172601755563
28.772978066468863
28.774024744535318
28.742227486328733
28.7735101919471
28.70465041014776
28.62464048358901
28.61538521008243
28.563705801418692
28.52255847304729
28.515570550172857
28.577263867951984
28.593512853486516
28.609451156205953
28.582764404820395
28.660003277407643
28.764954300502588
28.705481571343384
28.628438624122275
28.675321329709416
28.682764607502335
28.722859006321336
28.681209339657272
28.67076663716061
28.652167626166644
28.575371601632696
28.586742556243653
28.456822444766765
28.394545075729706
28.410003775400533
28.388745870021047
28.392277647349424
28.37217506441814
28.400508451933327
28.40568705590045
28.429260691480636
28.36450213414699
28.428990544304664
28.38080385186654
28.3873988466329
28.331389071681993
28.32083251087178
28.283804706667883
28.294107646401187
28.310370092893795
28.378766511185113
28.34961582992554
28.360395402760773
28.361005653471242
28.35436680629324
28.34783069223405
28.334778382090324
28.390559385367713
28.42115727221716
28.46515619936407
28.449801115159453
28.417179011090397
28.4119597109845
28.496860742200834
28.57619647571637
28.449901068997328
28.48183256113577
28.47024470626737
28.411637649182396
28.439165184812907
28.37160238867181
28.401313904720507
28.364156157938453
28.412259128713902
28.534714520671912
28.484896915778936
28.455944488442064
28.39971493284208
28.39761626147551
28.383003416440662
28.40862920196079
28.390326405930587
28.38053839598063
28.404964653059064
28.406254665091886
28.382403110464313
28.437622855431144
28.492919413209858
28.517390311843833
28.614566963573466
28.683489644562233
28.776089161768866
28.795565390415007
28.83445074268905
28.84706343888295
28.831354172348604
28.789552852712927
28.820856607130338
28.782576209343148
28.767653800462494
28.801015759586722
28.730361633972773
28.66431633786286
28.711389632078387
28.73242913972198
28.64592984803808
28.610738725035823
28.639370784730197
28.629204666490356
28.756429531430957
28.742812865131782
28.765250175044063
28.707188088711224
28.622832562644536
28.66414349670099
28.704117498819038
28.710909097500714
28.712295812676324
28.782386079860725
28.74830630346759
28.720732682627204
28.649142599934663
28.61376497349572
28.579766779140265
28.595116208414524
28.58468524930989
28.554586990219143
28.501391291128403
28.446144480348526
28.506637158640004
28.539488276725983
28.530360678372546
28.534303806721912
28.526812363994758
28.488751560679887
28.366170629251588
28.457533763157357
28.545240715133378
28.64517753404525
28.687607627636005
28.705715616813197
28.660205494155274
28.725293711446923
28.783540146166626
28.77190748961868
28.804744958868184
28.841841876634515
28.8741397380288
28.853607768543576
28.804515732689243
28.81187149605824
28.79698848143803
28.783942853633498
28.806325021335123
28.86025426951719
28.995674814520125
29.018546638328907
28.979817023142516
28.90522597170664
28.979286565013126
29.000363264750103
29.04546082329759
29.040952021738114
29.009698682452445
29.055436833063112
29.032150941135335
28.946064816196913
28.90007317473543
28.972798042898123
28.94773062221703
28.894424861497303
28.851952718270525
28.889536532683245
28.967321200767323
28.979464378884174
28.945966259971033
28.938669297475993
28.88416681523691
28.871676744022242
28.87326650693202
28.86366275391332
28.88564075499968
28.856441409452245
28.888524899820904
28.94914020266176
28.966482554167424
28.917317749003153
28.94061616865836
29.05236387155304
29.052462674098038
29.02851287864939
28.93343819646902
28.923085924589344
28.928068903685972
28.957445015832732
29.018250935893043
28.995696452054233
29.01972242358307
29.04095234852908
29.028704710333614
29.048464437204444
29.045153081502566
29.05743821597608
29.06749430173633
28.983948222661994
28.997727036936073
28.980387265314754
28.998196871634104
29.005584947403253
28.95788134617301
28.98244246134298
28.94813412304793
28.923953628215347
28.822053220679514
28.793334151708603
28.725815561737466
28.789750895872608
28.830457753292876
28.769600703030253
28.798902448737927
28.820570455815403
28.81872225875349
28.833811706088227
28.817609989577953
28.8756848297566
28.791337497872586
28.88615067549397
28.91443997871734
28.942673239226135
28.93305045249516
28.93297649526174
29.047771260237987
29.03116102051239
28.98760883674826
28.96895353116256
28.954857772086157
28.90370065273351
28.90492758747402
28.921140438361814
28.954338561938098
28.955700229574656
28.962854913531903
28.988166614088538
29.055775335638298
29.049516859563756
29.05387356462127
29.038142428317148
29.07664551159444
29.149683643891795
29.19081880225898
29.217226979955687
29.194667833905537
29.17931135169009
29.146166742909983
29.203262777608945
29.191256303645208
29.05680130099716
29.0986113017856
29.127859098387834
29.06009629979274
29.09675324575937
29.097627017089074
29.133028544444546
29.13950215950094
29.15198663169873
29.057080044509828
29.024604672789472
29.033372021460906
28.95081003840211
29.006519867172
28.916465292254976
28.90014809321584
28.947099975427374
28.883703393807032
28.906704640466103
28.897892376305172
28.79019401412291
28.73232184541348
28.711158302660785
28.749183742001684
28.785610097396756
28.79705852808506
28.78003301711248
28.815185478623
28.74281349108381
28.773337368722853
28.798484626095664
28.80764060366122
28.82222029289741
28.81437021960405
28.893063965833143
28.930837489864356
28.911836384152544
28.837677637086504
28.846053747081523
28.849550632157257
28.79741789902919
28.784375440648315
28.797046853587943
28.77851741285612
28.747419576830602
28.751678318381714
28.773680072891043
28.870209727283676
28.86330174397337
28.94931242973016
28.98248203085072
29.072355049979315
29.066690302531413
28.995076523834122
28.93651544593133
28.973032495867525
29.062995577533815
29.010233319314388
29.08586257965537
29.07414191530251
29.027618367267063
28.96890689004424
29.024037071886607
29.006224506097908
29.02986780609018
29.07807256189378
29.14776590549028
29.21161789917742
29.140554496573035
29.101051873069842
29.14578086967933
29.159895810169722
29.158053129177897
29.170001913956852
29.232948999090436
29.172196904934342
29.022841026021524
29.01879870755375
29.064002960838117
29.064054109574247
29.116179762193415
29.07348512325178
29.025366108313335
29.04608653204298
29.089169221875963
28.979136865875272
29.001598575413894
28.99812808663477
28.9866193144989
29.048089752054764
28.994881215705544
29.013735783497363
28.962214878019438
28.915674768051154
29.01175730798798
29.127287302426513
29.125015135569804
29.12877579174473
29.087307154867233
29.115758021551546
29.11025553834022
29.06692575163373
29.02464163087718
29.03169270864223
29.08298832700572
29.141902726767334
29.08853675897218
29.073087440559988
29.04603977348584
28.98653645718543
28.971525839647114
29.033123080006735
29.083196489097073
29.079133195831137
29.156709807002052
29.252223812273975
29.13934344776505
29.20587030916556
29.154190758992122
29.157821620077446
29.1560153370844
29.218786383756132
29.216364522015848
29.209431929627627
29.167754568377013
29.220967860671898
29.18552861295551
29.220240385157062
29.157936392112546
29.219079668032485
29.20474357696777
29.192485550888563
29.188362580111562
29.196540913903256
29.243266306105532
29.15706035307385
29.194057039837745
29.156430262452375
29.201718525357123
29.17640394983245
29.148977472213833
29.14094079437827
29.12135862452038
29.105219990654927
29.08013730275252
29.06535913952894
29.107101101494035
29.095314794362338
29.087836700116807
29.161551849395533
29.172910882880842
29.168582646467875
29.175087150336964
29.18921452541121
29.1728060852657
29.30599789561627
29.356043821730054
29.24295666459616
29.284760416426785
29.261184305063985
29.16445106364802
29.25737037140654
29.205310616534778
29.246651474873893
29.241922563050846
29.307111374807484
29.305896197759143
29.3094679978125
29.286243185241666
29.25039046590353
29.234798268591653
29.271128800792376
29.289239396643627
29.228726717691945
29.144287823531954
29.183687264332775
29.25839423793173
29.234165203194753
29.327759717237793
29.385074270275474
29.412307118023392
29.604873329499004
29.666564383228796
29.604457303004736
29.617636377096975
29.66078449695747
29.599201181603796
29.655657878647133
29.57154260491373
29.543687375537406
29.576362968536372
29.596444051875253
29.58696513326476
29.617561895789482
29.58460846478573
29.549396146443833
29.51850524916631
29.540648957549926
29.60548033841437
29.59225306351334
29.580801645735477
29.576725676647182
29.54087661957812
29.6362376859309
29.570042534505518
29.64963182679807
29.665475111225714
29.513500504096527
29.530350047451837
29.543639941051236
29.571907194389205
29.47851194501182
29.50434422149578
29.500553982102613
29.48663655592353
29.42226979620388
29.444260043519357
29.39940960741947
29.3298434445278
29.359477745710592
29.366158745076266
29.312118662909814
29.344839875248514
29.27013109551117
29.177504384918162
29.16788678094937
29.17382219194324
29.228876440011263
29.223923140800935
29.084941099514165
28.9407567206787
28.809322726785062
28.69148066799441
28.71844599409528
28.64540983117813
28.497729319784014
28.424335169284536
28.27080297777606
28.12123914321001
27.94642666065926
27.879979697554084
27.812393946918288
27.65448465595562
27.59662051485729
27.479945339789197
27.39678338088902
27.271559083531475
27.21737683645676
27.127497603337197
27.047908575568027
26.8681151268435
26.708867183318333
26.59718190447557
26.4699425319938
26.39112720723858
26.302300158292425
26.183909252358404
26.08309700528807
25.982984210018614
25.973598629253456
25.8840989464776
25.765174038270608
25.729733145779747
25.5570768811505
25.44767317951879
25.456311177183142
25.331814920492683
25.258998384837145
25.291934201397545
25.09964701850144
25.00318997880183
24.866785748303187
24.801539716960114
24.665220620024513
24.516035432368454
24.33561786146208
24.272768975359334
24.179472000942944
24.091079604314544
24.03315389621414
23.881179133885745
23.728728601815032
23.62566625396798
23.539448595337937
23.483650997774735
23.37366652621151
23.29265384172751
23.28345213678689
23.137952897145414
23.07294508106618
22.987022248617038
22.83357623909378
22.740087817911302
22.56442636003542
22.45498480714973
22.304102913409714
22.21377157136216
22.103603116314936
22.023462402445144
21.851379776122858
21.671167221468693
21.552652751616034
21.40652385957503
21.324740696333713
21.163828725147066
21.09380897206089
21.077272770515762
21.03496873588057
20.866450215289532
20.859945183690396
20.748009862574325
20.5652120638767
20.48858355624192
20.363874908395314
20.294024502000266
20.22049647705733
20.16565453385552
20.086382092968975
19.91693939106497
19.851771652006466
19.72051980906302
19.649786533371184
19.54586351930724
19.42289401832009
19.36217206267329
19.254863891554205
19.15835049113655
19.184001526514486
19.179413464481957
19.11883567823346
19.07958432884217
19.033306751533004
18.896815119310748
18.85028166360422
18.742505723212194
18.630003774491502
18.478860628146105
18.41278944503499
18.325230423989794
18.266408085238204
18.11389261537644
18.029756699255707
17.910018103771176
17.803289550508733
17.633904534340807
17.48533386378887
17.358519731318818
17.294326986127903
17.132453821551998
17.027122201259083
17.030879595577787
17.067034664421808
17.039628708938178
16.834675933652633
16.717330230784544
16.59991841991571
16.42536498354485
16.314218363677494
16.173853019136033
16.122316789372597
16.03537094622621
15.993144763606741
15.879458552675965
15.754064803572923
15.769084256422282
15.75399213201244
15.659701310109877
15.61434456137199
15.51100487216425
15.45203962377665
15.39177180144215
15.279293428693787
15.206702366001185
15.061911904735265
14.924817687407836
14.828175465339829
14.749159884618962
14.677529671828983
14.599642360154414
14.506809948453022
14.356629384531628
14.27902606174705
14.219348253005617
14.132785575607477
14.054350124824223
14.003020213042898
13.834604462255275
13.649779435801992
13.569421404212333
13.4807423824757
13.348219422054363
13.307231639864634
13.253040426880768
13.181208322994731
13.096974428098385
12.932254996846796
12.835007881615427
12.782609988359448
12.597354038330705
12.458436160015149
12.322911969148057
12.205601218763658
12.105916662802569
11.964581423927372
11.866404402866664
11.766674976383374
11.586027539227802
11.55945688093299
11.479644519092778
11.436016348392569
11.40208634594646
11.278357194443458
11.291583517784236
11.16873932477267
10.985023647233223
10.852125706799974
10.791028001449924
10.625987810662778
10.511952033745748
10.41447461333069
10.317336268461544
10.166715847804298
10.112779739565893
10.065948762603798
9.9474019753273
9.811691538750486
9.71092545957662
9.654519605813219
9.564757040705729
9.512414519153928
9.412462709773159
9.350561709230309
9.202948993188484
9.096482447364252
8.923557042976613
8.778557404049886
8.675165404303675
8.561061205978795
8.424417172100599
8.335218588772575
8.219503183623841
8.127244246636117
8.017963313251201
7.895815482659354
7.767395405556107
7.712563189001615
7.503524500554724
7.4412103152928175
7.357809057890526
7.338830245171281
7.319851201244031
7.211106354029413
7.151875643161571
7.084557010250686
7.060205243504865
6.936564614022333
6.826352457552483
6.755259071400139
6.68899132418445
6.500227816581079
6.431629144631653
6.344419817074201
6.230903139380419
6.089232905144181
5.976577981768723
5.879659660320427
5.809497877397365
5.66423848742213
5.662051977405517
5.557039560051096
5.485374902828678
5.370551091714712
5.288847157228645
5.119847081063988
4.927788459437006
4.8597879070547565
4.766947624667096
4.733311177485137
4.592010715881589
4.450851990664059
4.408556287908239
4.27291188061523
4.185056735829843
4.025293710842265
4.022293031676153
3.906128511757055
3.8099687267055846
3.690425428972769
3.6238202738861918
3.5585412644011147
3.43176519464623
3.2690628459289135
3.082713905464743
3.026894218867183
2.8802031788841145
2.7493384392017615
2.6698414262148407
2.665882562977822
2.532859393328785
2.42186616028547
2.322508197476979
2.2357329561070154
2.1653850709196405
2.0869134558117866
1.9151172990547791
1.7627454327776664
1.6828404493698796
1.607420402178725
1.568072062257178
1.4598760329992562
1.44812188055992
1.393139384055226
1.270106174945736
1.1548084176857236
1.0944839934049908
1.0710228166261757
0.8720087114290576
0.8047204765319537
0.8235840421092555
0.831591971181475
0.8360282705429449
0.8446929433680807
0.753886678472646
0.7145807369283271
0.7309234295915858
0.8279431082028238
0.7758686067222168
0.8405712923752751
0.8486251240205019
0.8586195250128308
0.8619757664068833
0.8679127616757353
0.8947640069341731
0.9479130246031576
0.9288172953332247
0.899356673476663
0.7500578913859128
0.7316162381720789
0.7278274568295507
0.735374605284801
0.7515974010760653
0.7062292571956125
0.689339759906841
0.5727319665360364
0.5681163367089579
0.5107437773176536
0.5824176428906932
0.525278939426647
0.5208831851756023
0.5687791688236891
0.5686241777097625
0.5322633255165543
0.5526266989465144
0.5507561580224042
0.6006861298500442
0.694197409836744
0.6960194322885308
0.721123558849941
0.8043774946464812
0.8562284838768899
0.9418595581321052
0.9884671941403733
0.9351062558998053
0.9059092743568016
0.9258978985056647
0.9702752180901992
1.0221963953406346
0.9070182430943814
0.8797864515677615
0.8541338676162122
0.9321784577063377
0.9108979149873152
0.9863879933354833
0.9188058976989478
0.8871637954991292
0.932668518892719
0.9892119653301977
1.0162452578996632
1.057700098383279
1.0089935734554523
0.9935826135068189
0.9349386827572381
0.9308252949533593
0.9384053080835123
0.9328626495071591
0.8555814725499948
0.8667255427870726
0.9576431406467516
0.9420228332980966
0.895939280857945
0.9029149892663186
0.8902798319344286
0.8524816544516545
0.7971696860785195
0.793595528015024
0.7892306978200125
0.6636959456688819
0.6855991702057875
0.63319475122213
0.6556306900333462
0.6100492917537137
0.6086916108815531
0.5790819287610357
0.5471403218433061
0.5719695039991972
0.5247202123949465
0.5683435795815908
0.5023316947723242
0.5258777614499556
0.4401433907615335
0.45006745592624997
0.446739780274145
0.4636884383213678
0.5109839003445275
0.6061024003808417
0.649604208096074
0.6993051818644113
0.6869394517243799
0.7573186802945927
0.6936998842593143
0.7158906941944222
0.6887285358315113
0.7123402917341746
0.7384797418375653
0.7436708122092955
0.8134038496049998
0.8728732801801459
0.8362940897811293
0.7918574883840865
0.8957467802075295
0.8542782014996813
0.7860938428937967
0.8810234563194347
0.8493723771796391
0.8107158696143149
0.7134201019475347
0.6646216620075178
0.6356009394322668
0.7074833211263358
0.7100872107520713
0.6499854802351734
0.5649073554838804
0.6078172537270147
0.5885851147815612
0.6090035639945
0.6139431780999595
0.7828684322366568
0.8310966133701915
0.8063501708401115
0.9207108917718622
0.9626684274770975
1.0076713718550885
1.0334706601244013
1.049688560472956
1.0006399050364922
1.0674069840174096
1.0365217743540367
1.0459827899580754
1.0259418515225707
1.0752456476182541
1.120855214772417
1.1415926197357718
1.0946122156170717
1.1118934022863913
1.1235932732718308
1.1314893655082185
1.1688517735291952
1.2115162870619696
1.22306210789233
1.1502077655702119
1.1114005093392587
1.0689626896099367
1.0757376261124754
1.0584266852382251
1.0833315948002058
1.141672063716227
1.2434259724101902
1.2317979236287309
1.245749665156854
1.236607529898692
1.2153545104110306
1.2783653758815383
1.2959825982585054
1.2411848623365564
1.1849582228600504
1.2173194072701043
1.1224765549652247
1.1095635013055105
1.0607200965462174
1.060964896181857
1.1062220116338515
1.048520499128669
1.0546493867767732
1.1244826556513459
1.0894252852414075
1.1241725548418093
1.1531197969776417
1.1397666009161502
1.0636942172988093
1.0722661680831957
0.9939261614039101
1.0076255763995072
1.0097964685360472
1.0817397324296363
1.055979601843394
1.0555804220194616
1.0988611809015012
1.15479407889062
1.0980539393069557
1.0815201386901863
1.069511555065636
1.0444455920375895
0.9869751994844438
1.0991710619181234
1.1236185107002068
1.1612484044670794
1.2124970793673628
1.1686704311290865
1.1959590355402734
1.2062059028521572
1.1997031679909813
1.2228622590347373
1.2468578335267662
1.1547238593355296
1.204773833072862
1.2550600009862567
1.251661636168766
1.2526103188317395
1.2558212678458738
1.2367040020918372
1.181238960919074
1.1176455337868023
1.1329487291414722
1.1632783140482448
1.1575495671134544
1.1551378690481269
1.09149670658061
1.0036747273453057
0.9949931412251166
0.960921201423591
0.9365132318944344
0.8777443660177006
1.0036201368738555
0.9480792932555837
0.99534420764656
0.9464274884601189
0.9414026349416162
0.8780948828828411
0.9130181418730894
0.9977620376199752
1.0209618543995125
0.9814358969560051
1.0508126565306268
1.0211142627626952
0.9885211638494794
0.966276994760105
0.8839858335727709
0.8657363310013036
0.9390097259101644
0.9705313339600454
0.9425617422397824
0.9735597862843001
0.9214072357303449
0.9506483915472995
0.9966665913909087
0.9775598508575978
0.9686391481838472
0.9670813642314297
1.0740214716626824
1.1532914850331841
1.1145792218829986
1.1706756012755488
1.1587468424444858
1.1705491389241502
1.1656865811710968
1.2359798789352112
1.3163843784032496
1.3125102223869296
1.300499640679181
1.286783957843331
1.2617482144731786
1.2791065284072045
1.1925740932181539
1.1662750220177565
1.1479140040339526
1.1280403053692785
1.099569978280504
1.0951194427622004
1.0538959989861898
1.1579960351582503
1.236599196697505
1.204440141352644
1.2086373640279102
1.2709833888692856
1.187914068706657
1.188299479155084
1.2148131749297573
1.2152258571585974
1.1991431591896813
1.241111410903683
1.2477117238920041
1.3247524167686375
1.300820130700774
1.251543682266345
1.27942304792439
1.2192530751408215
1.1844281474596057
1.1349564814589712
1.090868356298319
1.1443903078414714
1.1225930338591308
1.0627465082196303
1.1087184641778607
1.0921115074324035
1.0946599650089115
1.0700346466705224
1.0935468760376146
1.0346693453553788
1.0187891314341573
1.1345723718079515
1.1851844822014617
1.1610082397150452
1.0914910817383296
1.0545656044673744
1.0670029839146373
0.9533035923384664
0.9429165716217651
0.9488972714618673
0.9098717209943401
0.8819293617670578
0.8348583889723686
0.837291335512617
0.897908166787383
0.8611447973855024
0.7962486928067528
0.8145980458349658
0.8988236651533367
0.9117724597922257
0.9858094728701642
1.0145218401199838
0.9963073481490443
1.0325094645596553
0.9916267100816695
0.9234694664372738
1.0272850045107178
1.0201410664783415
1.0708091179776207
1.0579893309023416
1.020728463740888
0.9882641019624333
1.0129688425852303
1.0188303855329852
1.0549117441742841
1.0968504784275002
1.1345844921476909
1.1182798594867183
1.0007346291877282
1.0461625728789745
1.0340829465441916
1.0168887446097035
0.9479427046608125
0.8761318123768876
0.8637907947529143
0.8785082993402016
0.8877871344077484
0.8852684416447051
0.9245983533442432
0.9408753282385591
0.9434516304302609
0.8876017980183577
0.8287681815851183
0.8713723871886333
0.8900625747228809
0.8918650009254039
0.803786090582711
0.8106459217484253
0.8318206400657508
0.8279750851764498
0.7280479410340879
0.7256180083050475
0.7110694609199762
0.685380837398759
0.7435558493972443
0.7465972961189412
0.6997128447397328
0.7001039227891809
0.7098365626155733
0.6858217994212557
0.6020601726966561
0.5451738999493976
0.6108466490091868
0.6174684623788382
0.5607201170020683
0.5731397389910852
0.6386003470578208
0.6281083136267518
0.55599758995665
0.48768402782583714
0.5807047917992757
0.5421073010278687
0.49907427852344255
0.4903055941543372
0.5119105964828752
0.5521859068425119
0.5339735083458387
0.5911041495799713
0.5915521002147475
0.5224134313608474
0.5740932548585517
0.595666911345212
0.5948943512284879
0.5862034543269976
0.5978680093215663
0.7323266920263158
0.7489620831871203
0.7813218344004704
0.7558569946043987
0.7231955127792408
0.8207523319652993
0.8380938820427987
0.9061980022154608
0.8701588169264829
0.8013913701926803
0.7954220647609667
0.7933861920639712
0.8756709369541681
0.8619235957730421
0.822718311387754
0.8507911063656313
0.8780475407749185
0.7612820127483747
0.8135734840090053
0.7230200721027886
0.7337485184575384
0.7274231037543414
0.6213338083128369
0.561137989716747
0.6071363095123761
0.5181353799407936
0.5528458194709638
0.5892093158314425
0.6335096055795905
0.6763608519827349
0.7969463999280451
0.8199067162572198
0.7795946120260216
0.7311562405953994
0.6536880373353389
0.6879222528896258
0.7098683863611239
0.7604849291423668
0.782127501859792
0.7701054302854988
0.8104738778615284
0.8093627754412315
0.8753244149007566
0.818468659700712
0.8096091279617619
0.753857147763679
0.7844001577299857
0.7583423708427953
0.6867123676805341
0.745538968050316
0.843834152557404
0.8785110024564876
0.8755348976595136
0.8278385445548295
0.8669269552390303
0.9008842397968175
0.8947670244417999
0.8595393299091771
0.8514115064953848
0.8254553936756627
0.8768184930783945
0.8844201553121894
0.845783866823255
0.8104955447588434
0.8258685681124539
0.7910553495189816
0.8424737653254628
0.9046053133454732
0.9546488521619414
1.0728772560171265
1.000018776714576
1.0257632173979514
1.1206699495916392
1.0609640526416444
1.1004358748263747
1.0775880028883351
1.1332308264770152
1.216637342192061
1.1546094610840556
1.2592669703539991
1.3346852002045932
1.3184409357150912
1.2852457243849655
1.3003840717050423
1.3180625391062601
1.3361981840795587
1.2959663772883054
1.3644827499369028
1.3585168242089283
1.3579364002573102
1.3611008570084748
1.3675405054221752
1.3995235194215256
1.2855169691378978
1.217661655833367
1.2169985510754346
1.1818446613933349
1.0662729695774793
0.9883665884518519
1.0481081966882169
1.1016227230570765
1.1446629820847989
1.217993705723007
1.2137541603399145
